1000 3000
0 1 43
0 2 6
0 3 34
0 6 7
0 15 7
0 144 19
0 464 13
0 756 35
0 851 32
0 565 43
0 598 5
1 7 30
1 11 11
1 14 17
1 18 21
1 40 32
1 76 28
1 103 31
1 271 17
1 922 18
1 389 25
1 565 29
1 894 17
1 32 2
1 210 6
2 4 46
2 5 15
2 9 26
2 13 13
2 97 18
2 161 19
2 563 31
2 50 32
2 655 15
2 203 9
3 21 13
3 23 5
3 25 13
3 87 47
3 219 17
3 234 13
3 308 27
3 439 19
3 816 22
3 116 17
3 176 41
3 663 20
3 847 31
3 793 20
3 545 25
4 17 26
4 34 48
4 221 3
4 325 14
4 393 19
4 758 40
4 923 45
4 454 40
4 492 29
5 19 46
5 53 28
5 77 42
5 102 22
5 499 27
5 956 39
5 130 42
5 770 43
6 67 3
6 321 37
6 796 20
6 276 41
6 457 31
6 422 34
6 309 19
6 718 2
7 8 25
7 10 30
7 44 16
7 795 14
7 617 10
7 233 22
7 512 16
8 38 45
8 553 39
8 971 36
8 511 8
8 554 3
8 350 10
8 376 8
8 815 13
9 20 8
9 22 44
9 33 13
9 173 20
9 397 17
9 569 19
9 653 6
9 959 21
9 82 48
10 26 9
10 46 25
10 509 28
10 705 26
10 66 43
10 179 36
11 12 35
11 43 12
11 49 15
11 54 21
11 82 29
11 94 42
11 156 34
11 279 40
11 307 33
11 963 6
11 100 6
12 36 24
12 116 32
12 193 46
12 214 12
12 436 7
13 35 31
13 58 47
13 73 20
13 131 22
13 443 25
13 186 25
13 294 28
13 290 39
13 15 45
13 772 38
13 489 7
14 16 19
14 24 38
14 37 25
14 122 43
14 261 45
14 292 27
14 298 19
14 505 4
14 48 46
14 94 15
14 986 22
14 665 8
15 75 43
15 325 20
15 952 25
15 150 11
15 371 10
15 378 15
15 640 29
16 341 37
16 688 3
16 381 30
16 17 12
17 27 45
17 28 30
17 31 33
17 269 29
17 736 20
17 935 5
17 463 8
17 193 26
17 565 46
17 297 38
17 408 23
17 337 35
17 694 31
17 211 37
18 41 28
18 55 39
18 70 5
18 99 2
18 143 28
18 855 28
19 47 15
19 150 25
19 251 23
19 585 29
19 762 46
19 791 37
19 421 7
19 554 36
19 274 45
19 790 15
19 505 2
19 687 18
20 39 38
20 45 40
20 164 10
20 237 28
20 483 10
20 819 37
20 917 48
20 39 43
20 567 24
20 387 40
20 938 39
20 315 32
20 700 21
20 963 29
20 519 35
21 56 18
21 81 23
21 227 12
21 229 43
21 709 13
21 902 32
21 670 44
21 120 16
21 59 12
21 703 23
22 29 27
22 72 44
22 430 15
22 961 22
22 452 42
22 750 25
22 353 19
22 834 23
22 781 35
22 936 2
22 635 35
23 30 38
23 130 18
23 145 42
23 158 40
23 169 39
23 174 41
23 350 14
23 199 13
23 689 26
23 830 35
23 737 36
23 86 33
23 476 25
24 42 8
24 564 27
24 798 14
25 79 29
25 128 17
25 129 21
25 375 2
25 911 20
25 463 13
25 755 16
25 67 45
25 94 19
26 48 34
26 411 5
26 541 30
26 782 31
26 802 9
27 740 23
27 957 37
27 193 21
27 879 17
27 530 24
28 203 32
28 337 13
28 832 17
28 135 25
28 554 15
28 426 28
28 184 6
28 750 34
28 79 17
28 37 23
28 284 16
28 342 19
29 210 28
29 312 48
29 490 7
29 593 40
29 565 29
29 297 40
29 452 39
30 32 22
30 278 5
30 636 26
30 953 34
30 161 31
30 488 9
30 111 39
30 506 28
31 170 26
31 732 3
31 323 11
31 48 43
31 626 34
32 57 24
32 60 45
32 165 47
32 469 13
32 772 21
32 792 37
32 80 42
32 988 38
32 91 10
32 906 9
32 348 32
32 346 6
33 327 36
33 843 43
33 618 13
33 783 35
34 149 40
34 345 47
34 63 11
34 955 41
34 527 35
34 976 4
35 583 30
35 442 42
35 254 23
36 80 17
36 100 22
36 168 46
36 274 15
36 994 34
36 492 32
36 813 37
36 142 26
36 612 27
37 61 20
37 243 34
37 833 36
37 732 38
37 632 14
38 101 34
38 130 48
38 550 17
38 931 24
38 928 47
38 414 39
38 243 37
39 687 33
39 412 24
39 117 26
39 800 19
39 159 44
40 50 17
40 83 36
40 88 28
40 326 26
40 429 5
40 600 45
40 788 32
40 982 48
41 105 19
41 120 11
41 986 20
41 913 19
41 920 31
41 481 15
41 295 3
42 107 4
42 148 41
42 419 27
42 269 11
42 828 39
42 276 33
43 52 34
43 78 13
43 120 42
43 124 6
43 179 9
43 711 41
43 508 22
43 588 10
43 431 24
43 475 2
43 279 31
43 634 36
43 347 15
43 154 22
44 84 32
44 195 11
44 768 29
44 927 12
45 142 16
45 196 6
45 256 22
45 359 33
45 486 35
45 92 34
45 888 17
46 93 6
46 388 8
46 930 15
46 109 37
46 68 8
46 137 25
47 51 26
47 121 8
47 134 29
47 689 27
47 131 26
47 51 17
47 379 14
48 455 16
48 744 33
48 467 6
48 53 48
48 995 19
48 724 46
48 886 14
49 119 2
49 241 8
49 502 7
49 162 13
49 616 46
49 423 46
49 919 9
50 74 12
50 147 35
50 184 27
50 193 41
50 297 11
50 234 24
50 997 32
50 365 33
50 746 13
50 260 7
51 63 21
51 92 35
51 522 14
51 695 28
51 261 19
51 761 27
51 604 20
52 65 30
52 68 12
52 304 40
52 463 30
52 88 37
53 472 14
53 643 8
53 738 6
54 64 24
54 69 45
54 395 41
54 562 7
54 722 37
54 794 14
54 576 12
55 98 42
55 152 3
55 349 38
55 626 27
55 509 17
55 367 30
56 206 8
56 426 38
56 389 23
56 407 33
56 177 7
56 892 44
56 116 19
57 146 40
57 254 43
57 741 11
57 635 31
58 59 26
58 777 17
58 523 40
58 939 8
59 62 41
59 200 40
59 391 42
59 960 28
59 170 41
59 951 7
60 86 19
60 133 25
60 330 12
60 367 29
60 500 36
60 680 33
60 282 36
60 141 11
60 225 48
60 219 42
60 73 24
61 343 39
61 637 8
61 813 34
61 860 46
61 308 34
61 808 45
61 734 14
62 319 12
62 404 41
62 427 4
62 326 18
62 753 27
63 138 36
63 155 40
63 177 35
63 226 43
63 323 21
63 982 26
63 268 31
63 536 39
64 66 17
64 390 15
64 703 43
64 889 11
64 298 3
64 594 7
65 96 22
65 433 27
65 881 14
65 594 10
65 575 9
65 595 36
65 614 2
66 378 41
66 897 3
66 463 32
67 903 27
67 580 21
67 712 17
67 322 18
67 232 43
68 95 7
68 487 21
68 925 31
68 715 18
68 655 8
68 902 4
69 71 33
69 153 7
69 981 30
70 90 26
70 91 12
70 110 16
70 132 28
70 837 35
70 703 35
70 433 29
70 746 43
70 694 20
71 690 7
71 829 24
71 759 27
71 262 21
71 939 42
71 563 42
71 303 35
71 567 36
71 929 8
72 290 9
72 520 27
72 769 7
72 826 10
72 275 8
72 251 7
72 531 25
73 157 36
73 784 32
73 533 20
73 839 9
73 824 3
73 858 33
73 424 39
74 270 39
74 187 2
74 124 46
74 567 48
75 425 24
75 850 41
75 680 46
75 718 13
75 787 22
76 111 40
76 331 9
76 844 4
77 451 14
77 504 26
77 610 20
77 355 9
77 241 12
78 223 34
78 506 7
78 138 19
79 104 25
79 513 46
79 425 11
79 845 47
79 854 22
79 334 25
80 125 4
80 137 37
80 543 15
80 587 37
80 94 31
80 846 35
80 557 35
80 469 39
81 414 42
81 146 8
81 261 18
82 477 41
82 371 34
83 387 25
84 85 4
84 205 8
84 437 5
84 189 39
84 612 23
84 392 19
85 376 29
85 858 15
85 900 47
85 946 15
85 855 36
85 801 15
85 168 8
85 581 25
85 964 37
85 597 30
86 89 35
86 180 24
86 198 31
86 324 45
86 163 36
86 835 17
86 541 39
86 744 38
86 225 6
86 362 30
87 204 33
87 233 21
87 88 27
87 138 37
87 380 17
87 984 40
87 963 34
88 354 39
88 580 16
88 632 42
88 693 29
88 375 14
89 246 29
89 811 26
89 481 22
89 155 38
89 255 30
90 360 7
90 142 8
90 268 12
91 109 4
91 139 7
91 250 5
91 414 41
91 663 18
91 199 38
91 774 42
91 318 15
92 126 3
92 383 23
92 716 13
92 414 36
93 108 9
93 360 44
93 906 32
93 786 34
93 962 16
93 545 32
93 170 25
93 373 11
94 207 17
94 281 9
94 433 27
95 114 27
95 277 20
95 303 6
95 589 35
95 509 38
95 133 38
96 118 33
96 318 41
96 773 14
96 768 10
96 172 23
96 447 35
96 241 12
96 742 27
96 392 35
96 548 14
97 106 29
97 117 17
97 374 5
97 497 17
97 797 11
97 882 20
97 188 39
97 701 5
97 359 30
98 235 43
99 317 46
99 490 21
99 259 12
99 580 43
99 381 43
99 703 38
100 112 36
100 202 33
100 231 16
100 344 12
100 811 44
100 171 35
100 140 40
100 914 42
100 527 38
100 390 19
100 370 43
101 115 14
101 123 8
101 224 40
101 358 42
101 351 21
101 634 40
102 257 42
102 577 7
103 236 46
103 589 33
103 798 26
103 200 24
103 756 20
103 328 27
103 279 43
104 352 11
104 306 30
104 942 8
104 745 40
104 280 18
104 243 12
105 524 43
106 969 28
106 518 30
106 331 15
106 656 34
106 602 40
106 452 6
106 750 9
106 540 18
107 543 10
107 738 36
107 520 6
107 364 38
108 362 14
108 538 12
108 550 43
108 738 25
108 894 2
109 135 40
109 294 21
109 631 34
109 661 25
109 706 28
109 237 43
109 897 7
109 534 28
110 154 38
110 239 20
110 294 43
110 911 21
110 125 15
111 113 37
111 220 35
111 518 6
111 911 30
111 936 40
111 510 25
111 164 9
111 166 34
112 255 34
112 363 23
112 808 38
112 941 22
113 557 32
113 995 45
113 653 12
113 433 24
113 485 9
113 945 48
113 623 38
114 732 3
115 182 20
115 473 34
115 666 42
115 658 24
115 337 10
115 731 20
116 167 3
116 211 5
116 218 48
116 397 26
116 497 39
116 297 12
117 149 32
117 162 5
117 300 35
117 458 31
117 897 30
118 151 24
118 160 46
118 280 42
118 544 33
118 955 21
118 343 20
119 188 6
119 192 26
119 609 14
120 136 7
120 197 34
120 634 7
120 500 41
120 751 10
120 265 35
120 623 37
120 395 12
121 127 3
121 578 5
121 191 30
121 601 11
121 292 17
122 889 16
122 303 43
122 952 4
123 699 35
123 546 13
123 725 21
123 326 11
124 862 11
124 813 33
125 217 37
125 377 38
125 446 43
125 611 6
125 531 12
125 409 10
125 621 42
125 611 4
125 412 25
125 194 35
126 199 25
126 406 33
126 311 48
127 185 18
127 424 16
127 659 30
127 672 32
127 678 47
127 734 14
127 791 47
128 140 33
128 400 45
128 413 36
128 928 11
128 525 14
128 747 13
129 191 35
129 699 34
129 593 29
130 183 43
130 702 7
130 331 33
130 902 18
131 556 38
131 240 34
131 849 2
131 560 31
132 189 17
132 906 20
133 208 23
133 814 30
133 300 28
134 215 8
134 265 26
134 686 39
134 878 3
134 633 41
134 404 6
134 904 26
135 141 45
135 244 24
135 672 40
135 923 12
135 394 43
135 220 48
135 983 9
136 272 6
136 570 38
136 609 43
136 767 22
136 723 3
136 452 11
136 149 40
136 177 41
137 693 38
137 904 10
137 615 4
138 840 4
138 414 37
138 351 47
138 204 32
138 810 22
138 192 47
138 495 26
138 255 48
138 475 46
138 819 48
139 760 11
139 376 8
139 652 26
140 508 5
140 818 9
140 862 7
140 978 10
140 679 30
141 786 26
141 788 33
141 725 10
142 310 21
142 493 42
142 671 28
142 223 7
142 336 19
143 510 27
143 841 4
143 387 41
143 316 31
143 573 28
144 175 9
144 194 47
144 366 46
144 950 43
145 190 6
145 441 46
145 175 22
145 148 48
145 534 15
145 588 42
145 346 14
145 796 42
146 373 31
146 632 47
146 147 25
146 991 27
146 671 11
146 237 22
147 631 25
148 166 28
148 997 13
148 191 8
148 195 11
148 443 9
148 289 23
148 625 12
149 159 34
149 172 20
149 894 37
149 827 37
149 960 33
149 794 36
149 743 41
150 228 12
150 260 19
150 586 44
150 619 35
150 317 17
151 249 12
151 332 46
151 773 36
151 348 7
152 605 19
152 705 7
152 763 41
152 462 30
152 896 7
152 342 45
152 495 20
152 721 31
152 330 12
153 287 38
153 604 14
154 302 3
154 692 9
154 524 14
154 359 35
154 763 34
154 777 39
154 829 10
154 344 40
155 163 31
155 408 41
155 808 11
155 720 31
156 299 15
156 422 22
156 803 34
156 321 42
156 706 40
156 573 36
157 361 28
157 649 12
157 248 8
157 772 15
157 274 24
157 366 9
158 311 3
158 821 4
158 603 18
158 935 19
159 171 13
159 934 8
159 977 45
159 509 30
160 288 27
160 453 8
160 571 21
160 741 19
160 470 31
160 483 40
160 602 41
161 187 20
161 209 25
161 398 38
161 278 28
161 457 26
161 765 16
162 178 14
162 186 29
162 216 34
162 757 19
162 260 21
163 390 42
163 807 21
163 240 17
163 226 22
164 309 13
164 322 21
164 340 42
164 864 6
164 479 4
164 934 18
164 551 29
165 321 7
165 683 18
166 181 11
166 642 24
166 185 29
166 604 21
166 952 23
167 176 2
167 232 9
167 443 13
167 540 3
167 686 38
167 548 25
167 530 11
167 669 9
168 225 37
168 474 33
168 711 40
168 937 48
168 198 8
169 633 36
169 183 35
169 872 31
169 188 43
169 628 17
169 841 17
169 651 38
170 488 46
170 513 24
170 463 21
171 951 43
171 538 18
171 495 12
171 838 17
171 202 18
171 788 26
171 386 13
172 338 9
172 438 4
172 316 32
173 275 45
173 535 5
173 852 14
173 436 48
173 863 26
173 599 19
173 504 29
173 267 18
173 519 43
173 767 16
173 561 22
174 396 16
174 885 12
174 252 5
175 276 17
175 428 38
175 340 29
175 401 20
175 630 33
176 442 6
176 801 15
176 285 38
176 584 21
176 527 16
176 894 12
177 383 42
177 467 30
177 609 9
177 958 39
177 218 20
177 368 31
178 355 23
178 431 45
178 724 10
178 618 16
179 213 13
179 293 48
179 301 27
179 999 19
179 679 33
179 938 7
179 210 7
180 591 19
180 787 23
181 214 23
181 446 45
181 520 36
181 515 38
182 201 27
182 985 5
182 593 37
182 210 26
182 893 29
182 883 18
183 556 39
183 664 20
183 593 14
183 551 33
183 276 46
183 998 46
184 516 48
184 311 31
184 976 19
184 412 10
184 980 6
184 195 35
185 222 7
185 345 40
185 346 39
185 402 5
185 189 41
186 449 7
186 730 35
186 444 48
186 275 17
186 857 46
187 565 15
187 223 34
187 688 33
187 318 42
187 741 13
187 624 32
188 389 43
188 328 22
188 333 18
188 860 45
189 952 35
189 892 34
189 755 29
189 194 47
189 515 46
190 732 7
190 705 45
190 952 18
190 236 40
190 798 30
190 848 22
190 983 9
190 962 41
190 564 3
191 236 33
191 914 39
191 355 43
191 880 34
192 284 29
192 834 17
192 611 48
192 304 47
192 291 40
192 729 4
193 252 28
193 755 39
193 831 30
193 598 47
193 446 36
193 444 31
193 431 2
193 644 34
193 407 46
193 436 4
194 313 30
194 700 8
194 400 44
194 965 34
195 827 12
195 225 4
195 303 26
196 573 46
196 633 8
196 418 33
196 210 25
197 208 22
197 810 8
197 565 39
197 706 9
198 866 28
198 886 20
198 671 35
199 242 18
199 320 39
199 479 42
199 288 46
199 755 35
199 803 48
199 254 24
199 921 48
199 391 21
200 266 8
200 847 36
200 849 34
200 985 37
200 472 21
201 357 48
201 942 19
201 567 24
201 687 13
201 527 35
201 627 2
201 225 13
202 567 20
202 686 22
202 647 5
202 290 28
203 212 22
203 454 30
203 473 48
203 452 12
203 537 25
203 251 7
204 245 29
204 243 39
204 880 25
204 825 25
205 737 20
205 641 29
205 975 32
206 268 24
207 581 44
207 850 20
207 892 46
207 484 43
208 481 40
208 609 5
208 348 19
209 283 28
209 567 13
209 565 47
209 422 45
209 730 32
210 238 25
210 282 12
210 985 26
211 300 35
211 315 30
211 681 32
211 848 47
211 391 18
211 267 20
211 216 14
212 285 31
212 249 41
212 259 19
212 744 41
212 980 36
212 463 47
212 244 12
213 379 32
213 703 7
213 695 12
213 708 46
213 625 37
214 258 46
214 511 27
214 593 36
214 252 33
214 407 31
214 342 9
214 940 40
215 248 38
215 295 30
215 774 48
215 612 48
216 685 7
216 852 20
216 613 12
217 745 26
217 848 46
217 373 14
218 240 18
218 338 19
218 985 3
219 253 38
219 305 18
219 356 31
219 656 23
219 999 30
219 603 26
220 329 43
220 318 7
220 722 20
220 593 18
220 396 19
220 463 15
221 662 19
221 414 23
221 719 15
221 555 11
221 227 14
223 456 41
223 679 32
223 593 14
224 578 9
224 947 36
224 611 46
224 531 9
224 665 30
224 433 29
224 827 22
225 267 34
225 254 42
225 834 34
225 493 8
225 699 16
225 494 39
225 569 9
226 230 8
226 818 8
226 794 21
227 364 18
227 399 26
227 558 10
227 776 6
227 997 7
228 314 22
228 378 14
229 530 17
229 760 4
230 273 38
230 657 15
230 728 3
230 957 25
230 312 29
230 439 45
230 832 38
230 670 5
230 922 44
230 814 27
230 959 46
231 552 15
231 669 38
231 687 3
232 664 7
232 688 29
232 703 29
232 915 28
232 664 11
232 527 18
232 459 29
232 676 4
233 887 17
233 766 22
233 398 44
233 818 41
233 610 12
234 671 5
234 476 23
235 405 25
235 410 34
235 545 24
235 600 45
235 777 35
235 270 22
235 350 35
235 623 11
236 660 9
236 987 42
236 246 16
236 884 20
236 824 30
237 667 35
237 978 5
237 291 24
238 929 36
238 775 8
239 507 43
240 259 41
240 968 11
240 793 36
240 605 10
240 258 11
240 788 48
240 564 27
241 429 38
241 368 46
241 247 8
242 335 2
242 588 8
242 970 26
242 376 36
242 895 32
242 416 20
243 247 15
243 262 35
243 652 5
243 874 36
243 975 41
243 513 22
244 274 44
244 479 27
244 392 14
245 579 25
245 723 2
245 775 4
245 575 45
245 744 2
245 747 37
247 349 13
247 730 47
247 576 31
247 319 41
247 537 19
248 560 42
248 261 40
248 798 7
248 433 46
249 263 42
249 475 15
249 802 45
249 329 22
249 914 23
249 740 11
250 884 19
250 359 13
250 981 5
250 285 31
250 825 21
250 585 36
250 476 6
251 491 35
251 337 41
251 879 32
252 412 38
252 559 42
252 837 44
252 824 23
252 302 11
252 308 23
252 386 23
252 727 19
253 333 34
253 401 24
253 477 4
253 761 37
253 518 13
253 520 14
253 904 14
254 316 10
254 496 3
254 962 18
254 994 14
255 650 12
255 472 8
255 416 6
255 829 5
255 543 33
256 582 38
256 876 31
256 592 11
256 567 45
256 901 15
257 880 37
257 326 23
257 343 23
257 389 21
257 581 24
257 398 35
257 759 36
258 264 47
258 514 47
258 685 25
258 813 16
258 505 18
258 529 45
258 487 3
258 426 4
259 596 23
259 703 17
260 336 42
260 276 27
260 277 11
260 848 4
261 494 28
261 479 31
261 669 20
262 297 29
262 512 25
262 954 44
262 855 33
263 537 14
263 316 2
263 798 14
264 478 20
264 903 8
264 925 26
264 500 43
264 409 2
265 351 45
265 368 41
265 460 28
265 492 43
265 292 44
265 324 22
265 878 39
265 695 27
266 877 15
266 893 30
266 847 17
267 970 23
267 289 28
267 681 41
267 675 33
267 959 13
267 338 47
268 471 32
268 875 26
268 576 5
268 298 20
268 813 28
269 988 8
269 919 47
269 575 42
269 439 2
270 595 41
270 714 42
270 703 7
270 596 26
270 655 17
271 434 18
271 779 11
271 487 33
271 289 6
272 394 5
273 286 41
273 421 4
273 982 29
273 759 41
273 829 8
273 875 22
274 306 21
274 887 37
274 798 20
275 527 40
275 651 11
275 763 19
276 866 12
276 959 26
276 522 32
277 289 4
278 803 44
278 388 28
278 720 6
278 355 37
279 291 36
279 622 11
279 451 30
279 376 9
279 328 34
279 807 3
280 684 6
280 561 16
280 869 35
280 469 20
281 296 2
281 691 22
281 352 10
281 972 12
282 339 7
282 776 22
282 897 39
282 832 14
283 694 11
283 756 25
283 348 28
283 616 43
283 459 38
283 937 14
283 754 11
284 558 19
285 436 40
285 863 5
285 550 10
286 418 37
286 465 21
286 649 23
286 409 7
286 957 48
287 533 19
287 898 12
287 885 28
288 403 17
289 757 21
290 291 39
290 944 32
290 827 19
291 912 23
292 803 18
292 316 48
292 452 11
292 361 8
292 476 9
293 452 20
293 516 6
293 523 37
293 311 23
293 300 11
293 762 6
293 518 34
294 874 22
294 915 19
294 316 34
294 401 47
294 324 43
295 579 43
295 787 45
296 482 18
296 495 9
296 499 15
296 965 21
296 347 27
297 380 26
297 814 43
297 969 41
297 644 37
297 863 36
298 399 43
298 395 16
298 600 38
299 416 19
299 854 19
299 438 2
299 542 24
299 812 17
300 347 21
300 669 41
301 353 18
301 843 24
301 766 47
301 793 17
301 785 32
301 792 42
301 895 22
302 771 13
302 939 20
302 992 43
302 763 12
303 369 16
303 403 7
303 978 17
303 478 45
303 335 6
303 673 31
304 616 44
304 899 22
304 407 23
305 445 31
305 450 21
305 553 40
305 854 12
305 690 21
306 521 25
306 902 6
306 972 36
307 348 33
307 599 6
307 726 43
307 660 21
308 342 19
308 751 6
308 901 46
308 804 32
308 604 44
308 424 38
308 380 15
309 503 6
309 359 42
309 968 47
309 835 23
309 562 36
310 825 40
310 629 17
310 325 18
310 428 3
310 498 45
311 431 7
311 955 27
311 475 14
311 790 4
311 492 18
312 448 44
312 559 3
312 410 29
313 407 27
313 689 18
313 466 26
313 976 10
313 855 22
313 986 9
313 732 32
313 985 40
313 954 19
313 685 4
314 440 7
314 813 9
314 633 46
315 873 39
315 645 11
315 793 10
316 832 26
316 698 26
317 385 13
317 627 35
318 955 14
318 871 41
318 553 11
318 654 34
318 686 33
319 861 44
320 668 38
320 992 29
321 370 26
321 384 21
322 564 32
322 635 13
322 683 33
322 868 12
322 896 39
323 424 33
323 781 30
323 363 20
323 758 7
323 725 3
324 523 7
324 547 38
324 665 40
324 929 36
324 448 16
324 349 39
325 524 37
325 709 23
325 392 23
325 725 43
326 461 12
326 514 14
326 576 24
326 599 4
326 668 17
326 977 37
326 866 12
327 328 14
327 832 43
327 526 9
327 627 31
327 516 48
327 612 16
327 709 40
327 403 33
328 334 46
328 382 30
328 380 43
328 338 36
329 599 32
329 883 25
329 528 43
329 536 21
330 901 44
330 765 31
330 373 44
332 604 15
332 629 8
332 824 23
332 878 33
332 776 39
333 546 17
333 891 22
333 793 43
333 753 17
333 375 38
334 521 44
334 886 8
335 677 16
335 881 42
335 953 21
335 799 47
336 386 22
336 577 30
336 875 46
336 581 7
337 375 25
337 435 12
337 498 2
337 750 33
337 905 9
337 991 6
337 703 20
337 839 15
337 356 47
337 488 17
338 381 25
338 657 20
338 757 47
339 540 43
339 974 25
339 870 27
339 369 35
339 998 2
339 885 21
340 789 15
340 800 9
340 813 40
341 415 35
341 472 25
341 625 36
341 626 44
341 659 29
341 371 23
341 868 43
341 851 35
341 397 6
342 622 12
342 758 38
342 710 24
343 372 15
343 878 6
343 501 8
344 614 5
344 624 3
345 508 44
346 466 10
347 485 30
347 489 36
347 963 3
348 625 43
348 890 12
349 371 41
349 537 7
349 412 11
349 803 15
350 529 33
350 574 8
350 913 22
350 884 2
351 936 35
351 619 2
351 798 39
352 484 38
352 354 11
352 973 39
353 572 19
353 793 3
353 839 6
353 704 18
353 693 4
353 741 27
353 457 38
353 774 25
354 899 38
354 706 31
355 722 9
355 547 8
355 358 27
355 664 6
356 682 9
356 546 10
356 705 45
357 783 45
357 533 12
357 634 24
358 992 7
358 819 31
359 459 27
359 384 13
360 444 34
360 927 42
360 606 30
361 438 24
361 584 38
361 712 3
361 504 42
361 888 13
361 748 8
361 766 2
362 432 19
362 554 34
362 718 18
362 780 11
362 972 2
363 365 40
363 420 23
363 503 5
363 747 15
363 737 15
364 983 4
364 745 46
364 668 19
365 815 41
365 834 19
365 623 16
366 552 13
367 558 27
367 597 10
367 753 16
367 392 16
367 502 21
367 842 44
367 374 35
367 910 21
367 722 31
367 593 34
367 405 6
368 949 45
368 894 31
368 382 31
368 386 29
368 850 30
369 652 46
369 777 9
369 767 48
369 984 35
370 747 44
370 712 44
370 475 39
370 493 13
371 371 43
371 698 40
371 823 33
372 680 39
372 819 34
372 565 37
372 380 23
372 897 30
373 830 27
373 869 44
373 594 31
374 617 47
374 672 22
374 487 12
375 643 29
375 639 27
375 501 17
376 954 12
376 998 22
376 674 8
376 726 2
376 624 24
376 775 14
377 816 47
378 555 11
378 405 37
378 617 6
378 979 2
379 423 37
379 898 46
379 639 36
379 925 6
379 562 43
380 396 43
381 392 35
381 493 14
381 944 31
381 922 23
381 617 43
383 410 42
383 579 14
384 733 23
384 823 9
384 764 23
384 761 35
385 946 23
385 729 10
385 674 7
385 878 34
385 868 46
385 397 27
385 842 10
386 397 8
386 929 32
386 436 21
386 903 45
387 417 4
387 756 11
387 718 27
387 877 47
388 518 19
388 495 8
388 401 4
389 601 21
389 871 5
390 514 3
391 549 38
391 467 12
391 788 41
391 699 25
392 457 21
392 849 4
393 638 12
393 459 31
393 926 4
393 703 27
393 448 14
394 451 8
396 470 42
396 981 40
396 419 9
396 412 22
396 580 34
396 675 10
397 470 3
398 756 32
398 781 25
398 909 33
399 817 44
399 529 4
399 791 40
399 551 22
400 705 46
401 462 43
401 536 38
401 743 39
401 649 47
402 681 19
402 498 13
402 884 6
402 707 20
402 743 37
402 659 46
403 516 31
404 409 9
404 927 40
404 868 10
404 642 14
405 515 25
405 614 17
405 509 42
405 764 6
405 604 20
406 724 8
406 974 7
406 409 4
406 874 17
407 501 18
407 757 45
407 589 18
408 748 17
408 912 24
408 425 48
409 548 41
409 883 48
409 761 6
409 574 26
409 648 26
409 483 21
410 607 13
410 719 31
410 890 18
410 451 28
410 902 27
410 634 37
410 788 17
411 768 3
411 850 26
411 738 14
412 590 24
412 458 48
412 642 5
412 446 20
412 862 3
413 930 40
413 764 38
413 728 10
413 808 46
413 558 9
414 609 23
414 999 39
414 678 32
414 974 24
414 838 33
415 613 27
415 754 5
415 942 21
416 674 26
416 788 17
417 645 4
417 810 21
417 625 38
418 841 45
419 559 45
419 746 35
419 797 7
419 469 12
419 943 43
420 566 20
420 589 30
420 664 22
420 757 24
421 465 11
421 987 21
422 545 8
422 770 19
422 744 15
423 504 15
423 856 45
423 712 39
424 944 28
425 745 47
426 888 44
426 477 31
426 748 9
427 480 48
427 649 36
427 933 22
428 487 39
428 469 21
428 997 27
428 508 11
428 552 24
429 434 10
429 463 16
429 872 34
429 669 21
430 507 17
430 431 24
430 953 14
431 628 31
431 627 35
432 533 30
432 731 36
432 924 40
432 810 43
432 661 45
432 574 18
433 615 38
433 938 46
433 765 13
433 654 32
433 868 16
434 447 32
434 528 9
434 542 3
434 491 33
434 559 12
434 435 19
434 532 31
434 458 10
435 646 12
435 737 27
435 752 29
435 506 15
435 940 34
435 623 11
435 510 39
436 561 31
436 886 13
436 926 31
436 613 43
436 900 9
437 842 19
438 444 41
438 606 30
439 653 6
439 892 20
439 591 38
439 998 6
439 949 37
440 885 48
440 587 11
440 460 33
440 470 13
441 571 26
442 851 6
442 855 18
442 684 41
442 789 11
443 526 16
443 783 25
443 510 25
443 818 42
444 897 12
445 468 40
445 825 4
445 642 8
445 463 12
445 975 23
447 881 45
447 723 46
448 466 45
448 675 28
448 484 19
448 997 42
449 807 18
450 525 4
450 811 24
451 574 13
451 933 22
451 893 14
452 497 24
452 531 19
452 599 27
453 833 17
454 897 26
455 552 41
455 537 42
455 927 45
455 505 32
455 904 10
456 588 43
457 458 33
457 636 18
457 511 13
457 802 46
458 476 18
458 679 11
458 598 21
458 902 26
458 797 19
459 847 34
460 759 47
460 594 34
460 742 47
460 718 3
460 861 41
460 573 32
461 779 16
461 764 17
461 986 41
462 519 24
462 957 2
463 573 13
463 654 41
464 554 35
464 877 18
465 580 2
465 535 28
466 717 33
466 709 44
467 531 31
467 921 16
468 581 35
468 588 4
468 531 39
468 471 36
468 900 26
469 603 28
469 653 23
469 815 11
470 621 40
470 804 38
470 995 47
470 525 10
470 810 19
471 870 2
472 539 16
472 984 2
472 660 29
473 554 47
474 702 5
474 749 47
474 880 44
474 618 18
474 617 18
475 737 48
475 900 37
476 577 36
476 858 26
476 551 37
477 644 35
477 787 45
477 966 7
477 886 17
478 567 32
478 714 48
479 598 18
479 738 35
479 819 46
479 872 8
479 635 13
479 706 25
480 582 24
480 911 23
481 895 36
481 975 28
481 899 3
481 964 25
482 771 4
483 551 30
483 765 10
483 594 31
483 764 21
483 595 21
484 640 37
484 821 38
484 587 17
484 729 41
484 497 46
485 799 11
485 576 39
485 823 32
486 764 25
486 693 27
487 492 19
488 800 32
488 493 30
489 754 30
489 621 6
490 697 14
490 590 10
490 996 36
491 716 28
492 698 5
492 798 7
493 817 8
493 867 44
493 808 35
495 599 38
495 626 39
495 844 35
496 915 13
496 572 27
496 784 5
497 941 13
497 772 13
498 673 37
498 978 21
499 884 12
499 909 16
500 893 36
500 638 20
501 955 48
502 733 22
502 876 33
503 799 15
503 631 29
503 725 28
504 781 10
504 933 6
505 827 33
506 742 10
506 939 39
506 966 10
506 807 45
507 809 35
507 737 34
507 795 23
507 719 26
508 630 7
508 569 39
508 543 33
509 859 42
510 685 21
510 740 11
511 534 5
511 853 29
511 864 34
511 741 10
512 526 32
512 611 36
512 962 33
512 943 29
512 827 43
512 700 26
512 925 41
513 944 17
513 591 35
513 552 11
514 824 42
515 517 13
515 717 31
515 931 7
515 535 12
517 532 43
517 591 5
517 762 9
518 726 12
518 734 23
518 783 37
518 611 36
519 893 17
521 918 3
521 698 5
521 796 34
521 573 16
521 977 13
522 937 28
522 965 23
522 707 33
522 602 6
523 594 40
523 910 9
523 798 46
523 534 6
524 942 33
524 927 22
524 851 46
525 841 16
525 811 27
525 843 11
525 876 31
525 913 39
526 656 46
527 592 38
527 648 4
527 976 48
527 797 7
527 910 21
527 964 17
527 958 30
527 767 17
530 909 47
531 575 35
531 532 23
531 992 34
531 777 47
531 712 13
532 635 9
533 836 36
533 688 23
533 984 18
533 699 43
535 592 35
536 620 31
536 994 18
536 901 12
536 845 4
537 937 38
537 603 8
538 794 4
538 766 36
539 696 30
539 701 27
539 752 40
539 891 24
539 677 43
539 868 29
540 633 3
540 744 37
541 615 48
542 983 9
542 723 34
542 984 47
543 610 43
543 752 11
544 618 44
544 654 39
544 994 5
544 899 8
544 545 26
544 931 26
545 823 22
545 686 10
546 593 11
547 861 15
547 831 11
547 716 38
547 567 16
548 602 18
548 681 44
548 962 3
549 750 44
549 746 48
549 967 44
550 793 45
550 881 17
550 586 17
551 701 27
551 679 9
551 759 20
552 856 9
553 784 34
553 873 20
554 725 10
554 923 46
554 972 18
557 669 21
557 979 20
558 606 25
559 639 27
559 667 20
559 565 5
559 779 15
560 713 22
560 833 15
561 930 28
561 992 48
562 707 26
563 928 25
564 684 11
564 734 31
566 697 39
566 608 43
567 568 46
567 848 38
567 817 37
568 616 22
568 984 21
569 634 9
569 827 8
569 932 8
569 623 4
570 617 44
570 724 12
571 810 4
571 965 15
572 842 17
573 713 25
573 581 47
573 723 33
573 689 48
574 658 18
574 802 44
574 756 9
575 670 37
575 729 21
575 822 44
575 646 17
576 919 40
577 836 40
577 980 43
577 914 30
578 994 8
578 767 39
578 974 43
578 882 44
579 850 23
579 975 4
579 712 35
579 625 42
580 608 44
582 936 28
583 900 28
583 922 4
583 798 39
583 857 27
584 752 11
584 772 38
586 925 27
586 916 15
586 609 14
588 684 10
588 639 23
588 700 43
589 695 18
589 631 21
589 665 42
589 742 17
592 653 39
592 665 28
593 624 11
594 612 5
594 753 19
595 872 37
595 861 6
595 890 29
596 906 17
597 884 28
597 719 10
597 881 28
598 721 37
598 925 7
599 633 13
599 943 12
599 781 16
600 783 30
600 774 28
602 641 16
602 900 28
602 763 41
602 792 16
603 739 40
603 897 11
603 822 25
604 662 27
604 652 42
604 815 5
605 655 47
605 664 39
605 993 28
606 860 22
606 888 33
607 783 9
608 644 17
608 718 40
608 741 4
609 735 24
609 869 37
610 687 23
611 889 21
612 926 5
612 895 10
612 625 11
613 704 16
613 928 39
613 717 39
613 747 23
614 623 31
614 875 41
614 682 19
615 880 12
616 730 3
617 710 17
617 792 43
617 859 6
619 647 10
619 785 47
620 714 23
620 733 2
621 679 23
621 990 14
621 776 8
623 933 37
623 948 31
624 727 43
624 820 7
624 838 31
624 760 34
624 948 13
624 917 26
625 993 28
626 657 24
627 698 33
627 782 14
627 952 28
628 669 20
628 852 29
628 948 45
629 961 2
629 715 23
629 866 31
631 696 42
631 893 22
632 817 12
633 997 46
633 866 5
634 976 17
635 989 38
636 998 35
637 886 19
637 982 38
637 796 41
639 699 43
639 950 46
639 645 2
639 845 30
640 697 3
641 837 15
641 651 39
642 668 34
643 918 27
643 962 15
644 778 15
644 998 31
644 870 32
644 899 33
645 667 14
645 842 16
646 769 13
646 770 31
647 828 6
647 916 48
647 958 16
647 977 7
648 695 20
648 766 44
648 696 31
649 688 47
649 758 31
649 941 36
650 786 4
650 806 43
651 853 32
651 806 9
652 938 26
652 881 18
652 755 21
653 737 46
654 658 29
654 912 33
654 838 14
655 865 15
655 809 46
656 945 19
656 947 42
658 799 48
658 927 46
659 676 5
659 962 31
659 820 9
660 780 17
661 781 18
662 995 13
663 701 39
663 772 7
664 996 30
664 780 37
665 715 10
665 974 44
665 825 33
666 748 10
667 773 16
667 858 25
667 709 23
667 934 11
668 868 19
669 812 19
669 907 33
669 746 15
670 888 13
673 932 10
674 708 35
674 993 35
674 851 16
674 901 30
674 767 17
675 710 22
676 805 26
677 806 19
677 874 37
678 801 14
679 989 30
679 780 6
680 706 36
680 802 36
681 830 34
681 911 25
682 720 47
682 850 44
682 710 42
683 963 5
684 725 42
685 756 15
687 894 19
687 789 24
687 721 2
687 747 8
688 795 6
688 872 25
688 757 41
688 691 37
688 881 13
689 966 30
690 739 33
691 705 27
691 714 37
692 714 4
693 811 40
694 768 39
694 697 12
694 934 39
695 807 37
695 740 25
697 984 2
697 989 41
697 918 15
698 881 37
699 844 8
700 892 43
701 940 41
701 721 16
701 800 20
702 867 9
702 823 23
703 750 35
703 997 42
704 817 26
704 714 12
705 741 26
705 899 13
707 715 32
707 972 10
707 994 36
709 833 42
710 998 20
710 915 14
710 961 36
711 939 33
711 896 43
711 713 19
711 971 11
712 950 32
714 800 43
715 820 28
716 766 19
716 775 15
717 853 23
717 825 28
719 812 24
719 733 7
720 910 44
721 786 22
723 754 11
725 789 37
725 960 26
727 828 34
727 982 10
728 805 10
729 749 38
729 954 21
730 758 37
730 834 10
731 831 20
731 966 24
733 823 15
733 857 34
733 891 43
733 858 26
735 894 5
735 890 15
735 776 10
736 937 17
736 968 45
737 760 9
738 994 10
738 900 12
739 802 23
740 862 5
740 965 47
740 990 41
742 743 42
744 845 12
745 858 33
745 920 42
747 835 12
747 894 30
747 974 47
748 804 30
748 962 13
749 940 14
750 925 35
753 790 14
755 827 15
756 948 45
757 838 46
757 898 2
758 965 44
761 835 22
762 933 40
762 835 42
763 791 8
766 984 10
768 879 29
768 931 21
768 946 44
769 939 42
769 958 35
770 784 40
770 950 38
770 969 40
770 809 21
773 787 5
773 997 35
774 910 29
774 888 39
774 985 25
776 902 46
779 782 31
780 909 18
781 806 24
782 920 46
785 813 26
785 984 29
787 808 21
787 922 24
787 977 15
788 859 5
788 892 16
789 797 27
790 943 6
793 882 12
793 858 40
795 938 27
796 884 6
796 835 7
801 822 47
801 964 12
801 969 26
802 979 31
803 925 24
804 998 9
804 851 37
804 819 3
807 811 19
807 863 7
808 856 12
808 869 3
809 946 7
810 971 41
810 991 11
811 871 4
812 993 38
812 896 44
813 958 21
814 859 24
817 846 40
819 921 34
819 999 5
820 884 20
825 904 20
826 966 42
826 992 7
826 958 8
827 852 8
830 916 14
831 911 4
831 862 21
834 914 25
835 848 35
837 924 10
837 984 10
838 973 13
839 853 3
840 959 21
840 872 2
841 913 43
841 904 35
843 886 13
846 981 44
849 871 47
851 887 41
855 884 7
856 962 34
856 987 19
857 885 47
857 915 17
859 949 7
859 962 19
861 978 12
861 887 47
862 874 34
864 980 30
865 967 6
868 981 37
870 919 7
870 973 10
871 995 12
872 938 26
875 984 25
876 906 11
880 978 29
882 914 44
882 882 7
883 995 28
883 973 19
886 890 19
890 908 23
890 911 10
891 982 47
892 931 27
893 963 38
908 956 23
919 985 24
920 986 28
923 959 23
941 964 8
943 983 11
945 952 15
945 973 8
953 978 12
957 967 37
960 982 37
970 991 44
973 992 31
989 999 22
